75 1 428 547 399 321 -1 -1 -1 -1 
76 1 452 573 373 294 -1 -1 -1 -1 
77 1 481 604 349 266 -1 -1 -1 -1 
78 1 516 630 330 241 -1 -1 -1 -1 
79 1 548 652 320 223 -1 -1 -1 -1 
80 1 561 666 320 213 -1 -1 -1 -1 
81 1 571 674 326 207 -1 -1 -1 -1 
82 1 572 668 354 215 -1 -1 -1 -1 
83 1 566 661 389 231 -1 -1 -1 -1 
84 1 563 654 414 242 -1 -1 -1 -1 
85 1 573 653 428 244 -1 -1 -1 -1 
86 1 584 655 438 243 -1 -1 -1 -1 
87 1 589 660 440 239 -1 -1 -1 -1 
88 1 597 668 433 229 -1 -1 -1 -1 
89 1 603 676 424 218 -1 -1 -1 -1 
90 1 608 682 418 208 -1 -1 -1 -1 
91 1 615 690 409 197 -1 -1 -1 -1 
92 1 614 696 411 191 -1 -1 -1 -1 
93 1 610 700 417 189 -1 -1 -1 -1 
94 1 605 703 424 187 -1 -1 -1 -1 
95 1 592 701 445 193 -1 -1 -1 -1 
96 1 581 700 459 195 -1 -1 -1 -1 
97 1 572 701 468 195 -1 -1 -1 -1 
98 1 568 702 473 194 -1 -1 -1 -1 
99 1 558 701 483 195 -1 -1 -1 -1 
100 1 553 701 489 194 -1 -1 -1 -1 
101 1 549 702 494 193 -1 -1 -1 -1 
102 1 549 703 495 191 -1 -1 -1 -1 
103 1 546 704 499 190 -1 -1 -1 -1 
104 1 545 706 501 189 -1 -1 -1 -1 
105 1 542 706 506 189 -1 -1 -1 -1 
106 1 541 707 509 189 -1 -1 -1 -1 
107 1 538 707 513 189 -1 -1 -1 -1 
108 1 538 709 513 187 -1 -1 -1 -1 
109 1 539 711 513 185 -1 -1 -1 -1 
110 1 542 712 512 184 -1 -1 -1 -1 
111 1 541 712 516 184 -1 -1 -1 -1 
112 1 540 712 520 184 -1 -1 -1 -1 
113 1 538 712 523 184 -1 -1 -1 -1 
114 1 537 713 525 183 -1 -1 -1 -1 
115 1 536 713 527 183 -1 -1 -1 -1 
116 1 536 714 527 182 -1 -1 -1 -1 
117 1 535 714 529 182 -1 -1 -1 -1 
118 1 534 714 530 182 -1 -1 -1 -1 
119 1 533 714 532 182 -1 -1 -1 -1 
120 1 534 715 532 181 -1 -1 -1 -1 
121 1 534 715 533 181 -1 -1 -1 -1 
122 1 533 715 534 181 -1 -1 -1 -1 
123 1 533 715 536 181 -1 -1 -1 -1 
124 1 532 715 538 181 -1 -1 -1 -1 
125 1 531 715 539 181 -1 -1 -1 -1 
126 1 531 715 539 181 -1 -1 -1 -1 
127 1 531 715 540 181 -1 -1 -1 -1 
128 1 530 715 542 181 -1 -1 -1 -1 
129 1 530 715 542 181 -1 -1 -1 -1 
130 1 529 715 544 181 -1 -1 -1 -1 
131 1 530 715 544 181 -1 -1 -1 -1 
132 1 529 715 545 181 -1 -1 -1 -1 
133 1 528 715 546 181 -1 -1 -1 -1 
134 1 528 715 546 181 -1 -1 -1 -1 
135 1 528 715 547 181 -1 -1 -1 -1 
136 1 529 715 546 181 -1 -1 -1 -1 
137 1 529 715 547 181 -1 -1 -1 -1 
138 1 528 715 548 181 -1 -1 -1 -1 
139 1 529 715 547 181 -1 -1 -1 -1 
140 1 528 714 549 182 -1 -1 -1 -1 
141 1 526 713 553 183 -1 -1 -1 -1 
142 1 525 712 555 184 -1 -1 -1 -1 
143 1 524 711 557 185 -1 -1 -1 -1 
144 1 521 709 560 187 -1 -1 -1 -1 
145 1 517 707 567 189 -1 -1 -1 -1 
146 1 517 706 569 190 -1 -1 -1 -1 
147 1 519 705 568 191 -1 -1 -1 -1 
148 1 523 707 564 189 -1 -1 -1 -1 
149 1 523 705 569 191 -1 -1 -1 -1 
150 1 536 711 547 182 -1 -1 -1 -1 
151 1 546 716 530 175 -1 -1 -1 -1 
152 1 552 720 521 170 -1 -1 -1 -1 
153 1 553 723 520 167 -1 -1 -1 -1 
154 1 553 725 519 165 -1 -1 -1 -1 
155 1 552 727 520 164 -1 -1 -1 -1 
156 1 553 730 517 161 -1 -1 -1 -1 
157 1 553 732 516 159 -1 -1 -1 -1 
158 1 552 734 517 157 -1 -1 -1 -1 
159 1 552 735 517 156 -1 -1 -1 -1 
160 1 552 737 518 154 -1 -1 -1 -1 
161 1 549 737 522 154 -1 -1 -1 -1 
162 1 548 738 524 153 -1 -1 -1 -1 
163 1 546 738 527 153 -1 -1 -1 -1 
164 1 545 739 529 152 -1 -1 -1 -1 
165 1 543 739 533 152 -1 -1 -1 -1 
166 1 542 739 535 152 -1 -1 -1 -1 
167 1 540 739 539 152 -1 -1 -1 -1 
168 1 538 739 542 152 -1 -1 -1 -1 
169 1 538 740 542 151 -1 -1 -1 -1 
170 1 537 740 544 151 -1 -1 -1 -1 
171 1 536 740 547 151 -1 -1 -1 -1 
172 1 536 740 547 151 -1 -1 -1 -1 
173 1 536 741 547 150 -1 -1 -1 -1 
174 1 535 741 549 150 -1 -1 -1 -1 
175 1 535 741 549 150 -1 -1 -1 -1 
176 1 534 742 550 149 -1 -1 -1 -1 
177 1 534 742 550 149 -1 -1 -1 -1 
178 1 535 744 547 147 -1 -1 -1 -1 
179 1 535 745 547 146 -1 -1 -1 -1 
180 1 533 745 551 147 -1 -1 -1 -1 
181 1 532 745 553 147 -1 -1 -1 -1 
182 1 531 745 555 147 -1 -1 -1 -1 
183 1 530 745 556 148 -1 -1 -1 -1 
184 1 529 745 558 148 -1 -1 -1 -1 
185 1 528 745 559 148 -1 -1 -1 -1 
186 1 527 745 561 148 -1 -1 -1 -1 
187 1 526 745 561 148 -1 -1 -1 -1 
188 1 526 745 561 148 -1 -1 -1 -1 
189 1 525 746 562 147 -1 -1 -1 -1 
190 1 524 746 563 148 -1 -1 -1 -1 
191 1 524 746 564 148 -1 -1 -1 -1 
192 1 524 746 564 148 -1 -1 -1 -1 
193 1 524 746 564 148 -1 -1 -1 -1 
194 1 523 746 565 148 -1 -1 -1 -1 
195 1 524 746 565 148 -1 -1 -1 -1 
196 1 524 746 565 148 -1 -1 -1 -1 
197 1 524 746 565 148 -1 -1 -1 -1 
198 1 524 746 565 148 -1 -1 -1 -1 
199 1 523 746 567 148 -1 -1 -1 -1 
200 1 523 746 567 148 -1 -1 -1 -1 
201 1 523 745 567 148 -1 -1 -1 -1 
202 1 524 745 567 148 -1 -1 -1 -1 
203 1 524 745 567 148 -1 -1 -1 -1 
204 1 522 744 571 149 -1 -1 -1 -1 
205 1 521 744 574 149 -1 -1 -1 -1 
206 1 522 743 573 150 -1 -1 -1 -1 
207 1 522 743 573 151 -1 -1 -1 -1 
208 1 522 743 573 151 -1 -1 -1 -1 
209 1 522 743 573 151 -1 -1 -1 -1 
210 1 522 743 573 151 -1 -1 -1 -1 
211 1 522 743 573 151 -1 -1 -1 -1 
212 1 521 743 576 151 -1 -1 -1 -1 
213 1 520 742 579 152 -1 -1 -1 -1 
214 1 520 742 579 153 -1 -1 -1 -1 
215 1 520 741 580 154 -1 -1 -1 -1 
216 1 519 741 583 154 -1 -1 -1 -1 
217 1 518 740 584 155 -1 -1 -1 -1 
218 1 519 740 583 156 -1 -1 -1 -1 
219 1 520 740 582 155 -1 -1 -1 -1 
220 1 521 740 580 155 -1 -1 -1 -1 
221 1 521 740 580 155 -1 -1 -1 -1 
222 1 521 740 581 156 -1 -1 -1 -1 
223 1 522 739 580 157 -1 -1 -1 -1 
224 1 521 739 581 157 -1 -1 -1 -1 
225 1 522 738 580 158 -1 -1 -1 -1 
226 1 520 738 584 158 -1 -1 -1 -1 
227 1 520 737 584 159 -1 -1 -1 -1 
228 1 520 737 584 160 -1 -1 -1 -1 
229 1 523 738 578 158 -1 -1 -1 -1 
230 1 524 738 576 158 -1 -1 -1 -1 
231 1 525 738 574 158 -1 -1 -1 -1 
232 1 526 738 573 158 -1 -1 -1 -1 
233 1 527 739 570 157 -1 -1 -1 -1 
234 1 527 739 569 157 -1 -1 -1 -1 
235 1 526 739 571 157 -1 -1 -1 -1 
236 1 526 739 571 157 -1 -1 -1 -1 
237 1 526 740 570 156 -1 -1 -1 -1 
238 1 527 740 568 156 -1 -1 -1 -1 
239 1 527 740 568 156 -1 -1 -1 -1 
240 1 527 740 568 156 -1 -1 -1 -1 
241 1 528 741 564 155 -1 -1 -1 -1 
242 1 527 741 567 155 -1 -1 -1 -1 
243 1 528 741 564 155 -1 -1 -1 -1 
244 1 529 741 563 155 -1 -1 -1 -1 
245 1 530 743 559 153 -1 -1 -1 -1 
246 1 532 745 555 150 -1 -1 -1 -1 
247 1 533 745 553 150 -1 -1 -1 -1 
248 1 532 746 555 149 -1 -1 -1 -1 
249 1 531 746 555 149 -1 -1 -1 -1 
250 1 530 746 557 149 -1 -1 -1 -1 
251 1 529 746 558 149 -1 -1 -1 -1 
252 1 529 746 559 149 -1 -1 -1 -1 
253 1 529 746 560 149 -1 -1 -1 -1 
254 1 529 746 560 149 -1 -1 -1 -1 
255 1 528 746 562 149 -1 -1 -1 -1 
256 1 528 746 562 149 -1 -1 -1 -1 
257 1 527 746 563 149 -1 -1 -1 -1 
258 1 527 746 564 149 -1 -1 -1 -1 
259 1 527 746 564 149 -1 -1 -1 -1 
260 1 527 746 564 149 -1 -1 -1 -1 
261 1 526 746 565 149 -1 -1 -1 -1 
262 1 527 746 565 149 -1 -1 -1 -1 
263 1 526 746 566 149 -1 -1 -1 -1 
264 1 527 746 566 149 -1 -1 -1 -1 
265 1 526 746 567 149 -1 -1 -1 -1 
266 1 526 746 567 149 -1 -1 -1 -1 
267 1 526 746 567 149 -1 -1 -1 -1 
268 1 525 746 568 149 -1 -1 -1 -1 
269 1 524 746 568 149 -1 -1 -1 -1 
270 1 524 746 568 149 -1 -1 -1 -1 
271 1 524 746 568 149 -1 -1 -1 -1 
272 1 523 746 567 149 -1 -1 -1 -1 
273 1 522 746 568 149 -1 -1 -1 -1 
274 1 521 746 568 149 -1 -1 -1 -1 
275 1 520 746 568 149 -1 -1 -1 -1 
276 1 520 746 568 149 -1 -1 -1 -1 
277 1 520 746 568 149 -1 -1 -1 -1 
278 1 520 746 568 149 -1 -1 -1 -1 
279 1 520 746 567 150 -1 -1 -1 -1 
280 1 520 746 567 150 -1 -1 -1 -1 
281 1 519 747 568 150 -1 -1 -1 -1 
282 1 519 747 568 150 -1 -1 -1 -1 
283 1 519 747 568 150 -1 -1 -1 -1 
284 1 518 747 568 150 -1 -1 -1 -1 
285 1 518 747 568 150 -1 -1 -1 -1 
286 1 520 747 564 149 -1 -1 -1 -1 
287 1 520 747 563 149 -1 -1 -1 -1 
288 1 520 748 563 148 -1 -1 -1 -1 
289 1 520 748 563 147 -1 -1 -1 -1 
290 1 520 748 564 147 -1 -1 -1 -1 
291 1 520 748 564 147 -1 -1 -1 -1 
292 1 519 748 565 147 -1 -1 -1 -1 
293 1 519 748 565 147 -1 -1 -1 -1 
294 1 518 748 566 147 -1 -1 -1 -1 
295 1 517 748 567 147 -1 -1 -1 -1 
296 1 516 748 567 147 -1 -1 -1 -1 
297 1 516 748 567 147 -1 -1 -1 -1 
298 1 516 748 567 147 -1 -1 -1 -1 
299 1 515 748 568 147 -1 -1 -1 -1 
300 1 515 748 568 147 -1 -1 -1 -1 
